7700360802280547492 142388 9 -168 14801676580
12792366829590494290 274238 9 -152 48076624564
9654346798874265938 209981 9 -144 25928251780
9625240667229005885 2178684 9 -120 27520673284
17387887852431219398 664371 9 -112 15447742043
12759017010657196450 272441 9 -112 25934982941
7957263086336103865 141617 9 -104 26684273217
2511781276068388900 151135020 9 -112 81189358705
10515031170102774760 141874 9 -120 52689324392
989827653658479694 151135018 9 -116 66049073747
9609314820983915309 207930 9 -120 60052533709
