7700360802280547492 142388 8 -176 10406278903
12792366829590494290 274238 8 -168 20745598748
9654346798874265938 209981 8 -152 11054065194
9625240667229005885 2178684 8 -144 9766014015
17387887852431219398 664371 8 -120 8653173561
12759017010657196450 272441 8 -112 19815728085
8336751055544208921 151132707 8 -112 9410443896
17931811695581202634 343101 8 -112 17294253417
3035039747998290798 342392 8 -112 31386199797
14376214887239675651 141617 8 -104 17929462694
3479108214109676006 209210 8 -88 21854764539
10114372156308679255 25506105 8 -72 8088335626
3091267335216519677 664114 8 -64 13288242399
3128404367436338162 151132962 8 -56 11450832265
15861875126839166169 408123 8 -56 25653458965
16969775409247146759 270888 8 -64 260827172872
4886370710679379307 271663 8 -80 20175278338
6519710700339328751 2181245748 8 -80 5428217210
6594838332876887329 168045349 8 -80 5225000540
17509646184362100121 340529 8 -72 24413217056
13915455771442277423 664885 8 -72 51608175637
8682989684120707665 269346 8 -64 24769830976
5809132253673980992 142902 8 -64 14871678136
10725488073012655531 407610 8 -64 24690688276
