16762210678428747592 142388 8 -176 11604219093
12830223989367639842 141617 8 -168 20650565858
7824853513734348992 272953 8 -160 34393621388
12444700026505968153 273726 8 -152 112394872666
9885185113298772127 209210 8 -128 25416843970
18282501981840159246 664371 8 -128 42644133562
6849226168341511726 17048365 8 -128 16008629737
13130759543306530036 209981 8 -96 40183370548
3581044526536365050 2178684 8 -96 28052575473
1339779126327120149 143159 8 -88 430103714779
348078895469884180 141360 8 -88 86668199770
15115696946359575558 406331 8 -88 443606124320
6507829820873419469 342904 8 -88 418181860270
3746021380051879714 208180 8 -80 156596641661
9794049492933729351 408115 8 -80 281969256372
9105285474231431079 406330 8 -80 77570738354
16806270077414081226 408627 8 -80 98261071043
5670914047945610993 406332 8 -80 71650572253
17328213161078965654 209965 8 -80 226974037641
7721227040116466871 273699 8 -72 86493116444
1097316772499371934 270378 8 -64 94039504316
6244276223049920958 25440544 8 -64 14963189787
203683947096871718 664114 8 -48 60419053176
5112068424839949784 139561 8 -40 37528006939
2142559869818827942 406067 8 -40 39104879187
4955017009314774362 151132962 8 -33 41346424266
6274219457774283031 338747 8 -40 87802355292
7384838067651194272 151132193 8 -28 27969356234
13506488597155180174 342845 8 -32 111183957220
15299145766299505467 271149 8 -57 115909391874
18335586196015710113 25433123 8 -80 54538406701
12798373008741666385 208180 8 0 16554909631
15688050517178535906 407858 8 24 23971010467
12543886327959829555 407609 8 16 23408555194
10797368684868005096 338219 8 8 27707724551
11568216054079644268 408120 8 24 56454948292
13126163810875104381 338729 8 31 82775357702
4462548143970038933 270897 8 32 15301479920
4703283477804118115 33956410 8 32 8754808474
18346041125217804534 665142 8 32 36903430415
8147751484193519876 17180194 8 32 19981664695
2402819737332834377 4597542 8 32 25505819795
7751156505097712899 2181241645 8 88 34793123394
17288800885865832342 17111851 8 88 4571805754
11628050835210074731 176495419 8 88 764912671
18281157690804173736 79678 8 112 1140108929
14826461138813840565 79415 8 184 459974786
5117700618449022617 332571 8 280 5871789791
1247074011702178017 4592935 8 672 535484091
15876458076913325391 21370389 8 1168 571445792
442330390267885238 4593430 8 19993 644136426
6622883532576100706 4527635 4 19995 2877300
16338055735853848314 4591383 2 19997 7030800
13461011384767853003 4523542 1 19999 0
