7700360802280547492 142388 8 -176 9892630648
12792366829590494290 274238 8 -168 19131517292
9654346798874265938 209981 8 -152 12097351568
9625240667229005885 2178684 8 -144 9518019213
17387887852431219398 664371 8 -120 9845952821
12759017010657196450 272441 8 -112 18807034198
8336751055544208921 151132707 8 -112 8379642509
17931811695581202634 343101 8 -112 16508407236
3035039747998290798 342392 8 -112 27158719570
14376214887239675651 141617 8 -104 17618239257
3479108214109676006 209210 8 -88 20889707421
10114372156308679255 25506105 8 -72 7649789547
3091267335216519677 664114 8 -64 13412493432
3128404367436338162 151132962 8 -56 10960899764
15861875126839166169 408123 8 -56 25404891221
16969775409247146759 270888 8 -64 242608930955
4886370710679379307 271663 8 -80 18339829547
6519710700339328751 2181245748 8 -80 5229536105
6594838332876887329 168045349 8 -80 5224116662
17509646184362100121 340529 8 -72 23958417486
13915455771442277423 664885 8 -72 52169418279
8682989684120707665 269346 8 -64 25538814680
5809132253673980992 142902 8 -64 15003787494
10725488073012655531 407610 8 -64 25022228593
16415489722525848663 408120 8 -64 14250699559
17803502734258116079 79166 8 -72 14014067226
11063759780499890018 273692 8 -72 8294451822
4123906998004685335 272173 8 -80 1737798004
13051215609009905827 341042 8 -80 14306842909
12751050362568210403 407610 8 -80 12786812618
13031781331891591681 151135532 8 -120 2774221317
14274010670016493052 404024 8 -120 1758701607
12441539470236476728 176501820 8 -120 635154211
14619815119511533068 340532 8 -361 7816569294
4140857071845419141 2197896757 8 824 1518189203
12934380392871704068 79166 8 912 918707156
8911800727092122117 398634 8 1080 869315709
6512656028026886921 273703 8 1536 1041026989
15328044743459149520 340786 8 1592 5712020697
13034644267530785268 2164338229 8 2668 566308442
2730771580148250326 25500467 8 19993 2032304206
9633937034346686060 2189704749 6 19993 8259416
16818226265393200634 4522779 4 19997 6441549
3066311759624387937 4589461 2 19999 12009600
