14856035058694177594 274238 9 -152 94294393699
1921351946425723952 209981 9 -120 46098522872
15349002502019752348 206906 10 -104 225769621792
7234951041478490226 159585064 10 -88 112320243186
4662908532271087396 2178684 10 -80 147477358301
10891332148211708857 664371 10 -80 158756202484
5058519316212250193 142645 10 120 68794657925
15120112907622865886 168045113 10 216 35676475331
13285838367675560137 140332 10 232 311430036548
9577078504682772029 151132964 9 312 31210255604
650480012884412730 17046314 9 336 31818102745
12993992547321751976 271663 10 336 593517926968
8288975440286673219 25433125 11 968 38463969169
16295043258894908851 2198086939 10 1784 82680613806
13424765175322565462 406331 10 1888 336533422604
328794438483698436 401715 9 2072 26812461618
16750734599667025848 17172769 6 19995 607700958
