7700360802280547492 142388 8 -176 49397892378
12792366829590494290 274238 8 -160 75506280387
9654346798874265938 209981 8 -152 59305472640
9625240667229005885 2178684 8 -136 63281298432
17387887852431219398 664371 8 -120 105041367609
12759017010657196450 272441 8 -112 50426329042
7957263086336103865 141617 8 -112 27991358228
2511781276068388900 151135020 8 -112 23540297510
11059561457342860283 343101 8 -96 336236024227
651100999665747326 141874 8 -104 214476686220
10761732608224412376 151135018 8 -104 35452826955
3569795262112339438 2172792630 8 -96 27388085564
1445942532768691837 274984 8 -96 31240704062
5594934316131465549 207930 8 -104 35273087968
13335232079675319513 206388 8 -104 18492471091
10409804683443515495 168043314 8 -120 6797720344
11786341470828033254 342648 8 -128 20196054543
15989580711406180336 343356 8 -96 50185710108
117673706762538279 406331 8 -120 67066033492
168960067307950912 211750 8 -120 12530775450
6591059692111690746 16975916 8 -128 81777610331
16618337455176882264 2181246267 8 -768 11423866415
17431045517866539665 342845 8 -768 12102444302
5014308620219706 81854 8 -840 27198258876
16952333566553524355 81535 8 -776 3193737458
17520351913198576980 81214 8 -760 690267619
7281387410168216043 342330 8 -792 34382666889
5905225883732893930 210477 8 -856 38986079498
5778161849009439492 203272 8 -880 49994962615
16885012554152449979 81469 8 -992 133499834759
10791206864776394420 16976182 8 -1044 27885877473
3698865278295725340 210441 8 -1032 11331254214
7375943938572216368 343355 8 -1256 12885454943
17133266920245942872 25507133 7 -20000 495650631
12956141824949320864 340281 5 -20000 286264935
