5060803636482931868 136718 8 -176 59239039109
2065709020871963894 136204 8 -160 49162379815
3461863205766779179 200197 8 -144 45229096962
10463923162067183043 265222 8 -128 31737273816
10320936240736485846 2164292 8 -112 41013159388
8368829353121436896 662283 8 -104 30420097805
18415651871258371358 138260 8 -96 68964890998
361600301270557218 151135004 8 -80 41725588914
2148069718352552175 328709 8 -80 238943815884
9595679647353613945 662026 8 -72 210015437348
11201508936731219653 151135002 8 -40 198982997669
16585057048452812642 2181246722 8 -16 244110411367
16697257081091686449 269580 8 0 113669045338
13128603953485462420 266753 8 8 238589360573
1809780515538846277 403203 8 16 454258722327
5992650140562344509 17048338 8 32 28674656087
3531363903637118892 168043293 8 32 16178498110
12331234815196877396 328512 8 48 47860868378
13958803351517622898 266787 8 72 176327034607
2031486589067778152 269330 8 80 69167245415
7539407238752897236 17182503 8 96 124808593025
10354570519904358566 4467996 8 688 86538827559
5236440849497455441 203790 8 688 10943047693
12512949917134805507 21182236 8 784 7106971721
17052202237122474509 4400439 8 712 7441365691
573802569622540212 4601647 8 728 7971263269
3944313668969927174 2198024997 8 728 9723173251
1387077288013165555 402743 8 792 143856537851
15533667569248847664 327683 8 824 101724140210
3145286915055605315 17117184 8 984 996583711418
3443655212834119913 140059 8 1056 116105575972
14154639365542788876 4597285 8 1548 71967551913
10645880715729288497 207923 8 1256 55115699223
4187771245468690594 21181740 8 19993 68685004612
9395666553670724419 176502064 6 19995 339819394
9088981349378017962 29767206 2 19999 11752350
