5060803636482931868 136718 8 -176 7309875497
2065709020871963894 136204 8 -160 12918822363
3461863205766779179 200197 8 -144 6984579188
10463923162067183043 265222 8 -128 12878372349
10320936240736485846 2164292 8 -128 11403019558
8368829353121436896 662283 8 -104 16016720854
18415651871258371358 662026 8 -104 7492322300
11651990742497075450 264961 8 -104 6697124558
16468345500372888904 17046027 8 -96 15402733975
12415278111858997965 661512 8 -88 50986348739
12460292854773307544 663311 8 -88 41476366927
9284187092948356733 159592718 8 -56 12638270228
11979578408403481232 135433 8 -56 46879452092
14742448638917497472 329792 8 -48 25729421051
8391588222092098100 17046284 8 -48 39728266957
1013193691015913326 330504 8 -40 224679787247
13160936655986288445 270619 8 -8 97507140754
15073027565832325005 273185 8 -16 35719737193
1592054872166431877 25439002 8 -8 8122609561
9896244264336189238 33893131 8 -16 5472879993
7137765650007162182 200706 8 0 6291985477
6157203361414365681 393475 8 8 18737661591
11207621170798568212 332587 8 0 3577438630
13342613575417402891 393985 8 0 9425365737
8951544658619920782 393219 8 8 8171130191
805396729409359986 402432 8 8 7352477770
8406089803040745837 328453 8 24 17602400321
11781999887644267160 198928 8 24 25146214808
11662238724154535757 69382 8 160 50339873333
2380361238552430404 138260 8 24 18767096056
6347265518938895302 151135516 8 104 30873905486
4674129302264656139 340755 8 104 14432129784
1745351546797810294 180696115 8 104 2651566980
5327746050193376740 409508 8 104 4602633154
6841956267469689323 4603519 8 708 2990807177
3842996809847136678 4537091 8 -872 2287518909
3475361898458073734 343867 8 -916 3754061184
5667279856606500071 67087 8 -1112 530662737
14015780257982934611 141087 8 -1112 849214223
11251704285857528881 155332135 8 -1520 697732202
10334696143910386991 203529 8 -19999 763648251
13512277560011276182 4537919 7 -20000 33731542
726663455959802827 139288 5 -20000 12351377
4488427923868168847 69382 3 -20000 757800
