5060803636482931868 135947 8 -176 16227923831
11450586754606946074 136718 8 -168 14751329857
15665584031766395065 200197 8 -136 8570697510
14373992690612946371 268038 8 -120 12665351097
17823629157244140431 2164292 8 -120 37883234646
4161172093518843652 662540 8 -112 34615627058
8706122891590204456 151135004 8 -96 40972992673
13899001961936266098 135690 8 -88 123664784430
11742476132068393061 138003 8 -88 185596976702
4258857898623859217 199426 8 -80 158295885807
9250553487964657664 328709 8 -72 117642980896
15430297808957737928 266241 8 -72 175798916774
14724232695099879753 396291 8 -72 275741537783
11959878062247943334 393996 8 -72 303167156798
1291964908152063939 396291 8 -72 350739249151
12718502121769031606 403212 8 -72 371473717335
5275472946258125910 394023 8 -72 432082244954
17870057895453292337 203790 8 -72 299902076110
5798328623491539722 403203 8 -72 353886809334
15162317760697075063 200220 8 -72 100842470808
12625719424759501058 394023 8 -72 97053586450
6497947967769253268 159592718 8 -48 20867196161
10236690693400565582 269591 8 -48 26880484140
16474854453421250651 201739 8 -48 16890005603
13063449975052755575 264720 8 -52 26991918012
18366165834516458465 398595 8 -52 34438427485
2007896811008545948 17046282 8 -32 59991117333
987777009888426094 661512 8 -32 50015310514
12095508309552101285 17111104 8 -32 27158914749
16659309792737046044 267037 8 -16 61027329507
1171397688637679246 327684 8 16 57068274001
8019298471042886890 33952789 8 -16 52468590873
10632301447100812976 400660 8 -56 237282996830
3654471046688654669 663311 8 -56 78659082761
9300028589722526470 69382 8 -52 124679887718
3347570901040805666 328192 8 -48 88784815931
5217525544642225737 400413 8 -56 40172417360
975733092403578807 334104 8 -56 223686307915
17292447638563787559 168043027 8 -92 3329466637
7094817255269983957 394268 8 -92 8733805264
9140561142792609660 151135775 8 -48 10199919597
15874901572725267904 662797 8 -48 6250671763
73030977718456423 69135 8 -48 4616754160
6755039436511427100 2172787474 8 -88 2553485019
8257093336714267890 176495385 8 -112 2728991101
11145056294540910876 4536834 8 -96 5455921232
16182316545939328357 4587780 8 -120 1976318367
502760562888043241 393729 8 -192 1091377636
11378378955975056268 135433 8 -300 810728456
6545930947663985356 67086 8 -1712 88718712
459181627945424873 67462 8 -19999 49701343
6599210650007760957 67143 7 -20000 27859368
549793735573588809 68870 5 -20000 4753825
9701100022237867893 66829 3 -20000 1000600
