4406716073468712545 267526 10 -156 139308881732
13667603431006107338 135947 9 -128 65128338488
2371897684903534802 2164292 9 -120 50852680568
14764271530972817529 135433 9 -112 629583553252
6093133903838244741 200706 9 -104 151656849515
18173174525148239623 159593488 10 -80 173635000117
17003612326437486943 662026 9 -80 71307597391
16688256282388977106 17049109 9 16 66335887447
17036168550794040034 264961 9 24 487461699502
3306080486570790792 662797 10 40 69209964588
4756004359104527124 17050662 10 56 64041624639
8485862327637631198 2181178397 10 88 44542079388
14728001149225424088 2189493510 10 100 31728617150
2817824343109559250 267531 10 120 68505428113
1799621235539807593 396035 10 128 127613628867
7772368484760068409 17182475 10 224 87298115564
12986558049944088298 33957679 10 536 56511563951
9108905300308856140 21179415 12 680 57053026592
11513884373486341984 163788076 11 680 28278678366
11342834360554511600 4595239 12 696 222210333846
17591562812275400873 189150750 12 736 89540760006
10945980086614103503 151135002 12 736 67965104879
16914915885612141672 328256 11 744 22735934809
15897136688824435047 4534786 10 776 31821707908
5581659357130015012 17117490 10 864 21564231069
5696233326977266091 4464405 12 856 163713746924
15698025998622045990 4465951 12 864 22006731889
16225694577963005428 176502577 13 880 26884202031
3532806021083179415 663311 13 1320 25438095375
16655660687621559951 142372 14 2032 71877503880
14646103724876863186 144428 15 2552 49863703332
1927121486412822945 141087 15 3452 29119086141
15193912368058520403 143143 14 19987 15568115199
17033926264079186947 145199 10 19991 176186260
6645490239199152906 1614954295 8 19993 60376892
1492853894871887895 1614953524 6 19995 9505026
9095714493599428271 4602172 4 19997 2930100
13151234048603950176 4602431 2 19999 0
